[0.58       0.58       0.58       ... 0.745      0.74333333 0.745     ]
18:45:54
[0.59       0.55333333 0.57       0.58166667 0.615      0.58333333
 0.655      0.62       0.62833333 0.64833333 0.665      0.65666667
 0.66166667 0.67333333 0.67833333 0.695      0.68666667 0.69166667
 0.67666667 0.68166667 0.67833333 0.68333333 0.68666667 0.70333333
 0.71166667 0.72       0.71166667 0.72333333 0.75       0.75833333
 0.72333333 0.755      0.75666667 0.76333333 0.76166667 0.765
 0.77166667 0.775      0.76833333 0.76666667 0.78166667 0.775
 0.77333333 0.775      0.775      0.775      0.77333333 0.78333333
 0.785      0.78166667 0.78       0.79       0.79166667 0.79166667
 0.79166667 0.78666667 0.78       0.78666667 0.785      0.78833333
 0.79833333 0.79666667 0.795      0.79333333 0.79       0.79166667
 0.795      0.79666667 0.79333333 0.795      0.80666667 0.80166667
 0.8        0.8        0.795      0.79166667 0.78666667 0.78833333
 0.795      0.79       0.79333333 0.79       0.79333333 0.79166667
 0.79166667 0.79166667 0.78833333 0.79       0.79       0.78666667
 0.78666667 0.78666667 0.79166667 0.78833333 0.78166667 0.785
 0.79333333 0.79       0.78833333 0.78833333 0.785      0.755
 0.75       0.74833333 0.745      0.745      0.745      0.745
 0.745     ]
1:12:00
[0.64       0.59833333 0.64833333 0.68       0.68333333 0.72166667
 0.72666667 0.73833333 0.755      0.77666667 0.78833333 0.79166667
 0.79666667 0.795      0.79833333 0.79666667 0.79333333 0.79833333
 0.79666667 0.79166667 0.78833333 0.79333333 0.78666667 0.78333333
 0.78333333 0.74833333 0.74333333 0.74333333]
0:19:17
