[0.605      0.6        0.59833333 0.59833333 0.60166667 0.605
 0.60833333 0.61       0.61333333 0.61333333 0.60833333 0.61333333
 0.61666667 0.63166667 0.63166667 0.615      0.62666667 0.62666667
 0.63166667 0.63333333 0.63333333 0.63333333 0.635      0.63666667
 0.64       0.64       0.64166667 0.64       0.645      0.64666667
 0.64666667 0.64666667 0.64666667 0.65166667 0.62333333 0.62166667
 0.65       0.65       0.65       0.64166667 0.64333333 0.64333333
 0.64333333 0.64333333 0.64333333 0.64666667 0.65       0.65
 0.65       0.65166667 0.65333333 0.64833333 0.65       0.655
 0.655      0.65333333 0.65166667 0.65333333 0.65333333 0.65333333
 0.655      0.65333333 0.65333333 0.65       0.64833333 0.65
 0.655      0.65666667 0.65833333 0.65833333 0.65833333 0.65833333
 0.65666667 0.66       0.64833333 0.65166667 0.65333333 0.65333333
 0.65333333 0.65333333 0.65333333 0.65666667 0.65666667 0.65833333
 0.65833333 0.65666667 0.655      0.66666667 0.66666667 0.66666667
 0.66833333 0.66666667 0.65666667 0.67       0.67166667 0.67333333
 0.665      0.665      0.665      0.66333333 0.66       0.67166667
 0.67       0.67333333 0.67333333 0.67166667 0.67333333 0.675
 0.67166667 0.67166667 0.67       0.66833333 0.67       0.67333333
 0.67833333 0.68       0.665      0.66166667 0.66166667 0.66
 0.665      0.66166667 0.65833333 0.65666667 0.65833333 0.65833333
 0.66       0.66       0.68       0.68       0.68166667 0.68166667
 0.68333333 0.68333333 0.66666667 0.66666667 0.66666667 0.665
 0.68333333 0.68333333 0.68333333 0.68666667 0.685      0.68666667
 0.68833333 0.68333333 0.685      0.685      0.685      0.68333333
 0.68333333 0.68333333 0.68333333 0.685      0.68333333 0.685
 0.68       0.68       0.68       0.68       0.68166667 0.685
 0.685      0.685      0.685      0.685      0.68666667 0.68666667
 0.685      0.66666667 0.66666667 0.68333333 0.68666667 0.68666667
 0.66833333 0.66833333 0.66833333 0.66833333 0.66833333 0.67
 0.66666667 0.66333333 0.67833333 0.68333333 0.685      0.68
 0.67666667 0.66166667 0.675      0.68       0.68166667 0.68
 0.68       0.68666667 0.68666667 0.69       0.69       0.69
 0.68833333 0.69166667 0.69166667 0.69333333 0.695      0.69666667
 0.69833333 0.69833333 0.70166667 0.70333333 0.7        0.70166667
 0.68666667 0.70333333 0.70166667 0.7        0.7        0.7
 0.685      0.685      0.685      0.68666667 0.70166667 0.705
 0.70333333 0.705      0.70333333 0.70333333 0.705      0.70666667
 0.71       0.715      0.71666667 0.71833333 0.71833333 0.71333333
 0.71166667 0.70666667 0.71166667 0.71166667 0.71       0.71
 0.69166667 0.69       0.69166667 0.69166667 0.68833333 0.68833333
 0.69333333 0.69333333 0.69333333 0.69333333 0.695      0.7
 0.71       0.70833333 0.70666667 0.70833333 0.71166667 0.71333333
 0.715      0.715      0.71333333 0.71333333 0.715      0.715
 0.71333333 0.715      0.715      0.71833333 0.71833333 0.72
 0.72       0.72333333 0.72333333 0.70333333 0.72166667 0.70166667
 0.69666667 0.70166667 0.71666667 0.71666667 0.71833333 0.70333333
 0.70666667 0.72166667 0.705      0.71833333 0.72       0.72
 0.70166667 0.70333333 0.705      0.70333333 0.705      0.725
 0.725      0.725      0.72333333 0.72666667 0.72666667 0.72666667
 0.72833333 0.72833333 0.72833333 0.72833333 0.72833333 0.73166667
 0.73166667 0.72833333 0.73       0.73       0.72833333 0.72833333
 0.73       0.735      0.73833333 0.73833333 0.74166667 0.71833333
 0.71833333 0.74       0.74166667 0.73833333 0.74333333 0.745
 0.745      0.745      0.74333333 0.745      0.74333333 0.74333333
 0.74333333 0.745      0.74666667 0.74666667 0.75166667 0.74833333
 0.75       0.75       0.745      0.745      0.74666667 0.74833333
 0.74833333 0.745      0.74333333 0.74333333 0.74333333 0.74166667
 0.74333333 0.74333333 0.74333333 0.74166667 0.74       0.74
 0.745      0.74166667 0.74       0.74166667 0.73833333 0.74333333
 0.74333333 0.74333333 0.74166667 0.74166667 0.74166667 0.73833333
 0.73833333 0.73833333 0.74166667 0.74333333 0.745      0.75
 0.75       0.745      0.745      0.74666667 0.74666667 0.74833333
 0.74833333 0.74833333 0.755      0.755      0.755      0.75333333
 0.75333333 0.75666667 0.75333333 0.755      0.755      0.75666667
 0.75666667 0.75666667 0.75666667 0.75666667 0.75833333 0.75333333
 0.75       0.755      0.75333333 0.75333333 0.75166667 0.75166667
 0.75166667 0.75166667 0.75166667 0.75166667 0.75166667 0.75
 0.74833333 0.75       0.74833333 0.74666667 0.74666667 0.74833333
 0.74833333 0.74833333 0.74833333 0.74833333 0.745      0.745
 0.74666667 0.74833333 0.75333333 0.75333333 0.75333333 0.755
 0.75333333 0.755      0.755      0.75666667 0.75666667 0.75833333
 0.75833333 0.75666667 0.75666667 0.75666667 0.755      0.755
 0.75333333 0.75333333 0.755      0.755      0.75666667 0.76
 0.76333333 0.755      0.74333333 0.745      0.745      0.755
 0.76166667 0.76166667 0.75833333 0.75833333 0.76       0.75833333
 0.75833333 0.76       0.76       0.76       0.76       0.76166667
 0.76166667 0.765      0.76166667 0.76166667 0.76       0.76166667
 0.76333333 0.76333333 0.765      0.76833333 0.76833333 0.76833333
 0.76666667 0.76666667 0.76666667 0.76666667 0.77166667 0.77166667
 0.77166667 0.77166667 0.77166667 0.77166667 0.77333333 0.77333333
 0.77166667 0.77166667 0.77333333 0.77333333 0.77       0.765
 0.76833333 0.77       0.77333333 0.77666667 0.77166667 0.77333333
 0.77333333 0.77333333 0.775      0.77166667 0.77666667 0.77333333
 0.77833333 0.77833333 0.77833333 0.77666667 0.78       0.78333333
 0.785      0.78666667 0.78666667 0.78833333 0.79333333 0.785
 0.78666667 0.785      0.785      0.78       0.77666667 0.78
 0.78166667 0.78166667 0.78       0.78666667 0.785      0.78166667
 0.78166667 0.78166667 0.78166667 0.78166667 0.78       0.79
 0.79       0.79       0.79       0.79       0.79       0.78833333
 0.78833333 0.78833333 0.79       0.79       0.785      0.785
 0.785      0.785      0.78333333 0.78833333 0.79       0.79166667
 0.79166667 0.79166667 0.79166667 0.78833333 0.78833333 0.79166667
 0.79166667 0.78666667 0.79       0.78666667 0.79       0.785
 0.78333333 0.785      0.79       0.79       0.79       0.79
 0.79       0.79166667 0.79166667 0.79333333 0.79333333 0.79333333
 0.79333333 0.79333333 0.79333333 0.79333333 0.79166667 0.79166667
 0.79333333 0.79166667 0.79       0.78833333 0.78833333 0.78166667
 0.78333333 0.78666667 0.785      0.78666667 0.785      0.78333333
 0.78666667 0.78833333 0.79166667 0.795      0.79333333 0.79333333
 0.79       0.79       0.79       0.78833333 0.78833333 0.79166667
 0.785      0.78333333 0.78166667 0.78166667 0.78166667 0.78333333
 0.78333333 0.78666667 0.78666667 0.78666667 0.78666667 0.785
 0.785      0.78666667 0.785      0.785      0.78666667 0.78666667
 0.79       0.79       0.79       0.79       0.79       0.79333333
 0.79       0.79       0.79       0.79       0.78833333 0.79
 0.79       0.79       0.78833333 0.79       0.79       0.79
 0.785      0.785      0.785      0.78833333 0.78833333 0.79
 0.78666667 0.78666667 0.78666667 0.785      0.785      0.785
 0.785      0.785      0.78666667 0.78666667 0.78666667 0.78666667
 0.78666667 0.78333333 0.785      0.78666667 0.78666667 0.78833333
 0.785      0.785      0.785      0.785      0.785      0.78333333
 0.78333333 0.78333333 0.785      0.78333333 0.78333333 0.78333333
 0.785      0.785      0.785      0.785      0.78666667 0.785
 0.78666667 0.78666667 0.78666667 0.78833333 0.78833333 0.78666667
 0.78666667 0.785      0.785      0.785      0.785      0.785
 0.78333333 0.78333333 0.785      0.78333333 0.785      0.78166667
 0.785      0.78333333 0.785      0.785      0.78666667 0.78666667
 0.785      0.78333333 0.785      0.78666667 0.78833333 0.78666667
 0.79       0.78833333 0.78833333 0.79       0.79       0.78833333
 0.78833333 0.79       0.78666667 0.78666667 0.78666667 0.78666667
 0.78833333 0.78833333 0.78833333 0.78833333 0.78833333 0.78833333
 0.78666667 0.785      0.785      0.785      0.78833333 0.78833333
 0.78833333 0.78833333 0.79       0.79166667 0.79166667 0.79166667
 0.79166667 0.79166667 0.79166667 0.79       0.79166667 0.79166667
 0.79166667 0.79166667 0.79166667 0.79166667 0.78833333 0.78
 0.78166667 0.77833333 0.77833333 0.77666667 0.77666667 0.77666667
 0.77666667 0.77666667 0.77666667 0.77833333 0.77833333 0.77833333
 0.77833333 0.77666667 0.77666667 0.77333333 0.77666667 0.775
 0.77333333 0.775      0.775      0.77333333 0.77333333 0.77333333
 0.77666667 0.77666667 0.77666667 0.775      0.775      0.775
 0.775      0.77666667 0.77666667 0.775      0.775      0.77666667
 0.77666667 0.77666667 0.77833333 0.77833333 0.77833333 0.77833333
 0.77833333 0.77833333 0.77833333 0.77833333 0.77833333 0.78
 0.78       0.78       0.78       0.77833333 0.78166667 0.78166667
 0.78166667 0.78166667 0.78166667 0.78       0.77833333 0.77833333
 0.77666667 0.77666667 0.77666667 0.77666667 0.77666667 0.77666667
 0.77666667 0.77666667 0.77666667 0.77666667 0.77666667 0.775
 0.775      0.775      0.775      0.77166667 0.77166667 0.77166667
 0.77333333 0.77333333 0.77166667 0.77333333 0.775      0.775
 0.775      0.775      0.775      0.77333333 0.77166667 0.77166667
 0.77166667 0.77       0.77       0.77       0.77       0.77166667
 0.77       0.77       0.77333333 0.77166667 0.77166667 0.77333333
 0.77333333 0.77333333 0.775      0.775      0.77333333 0.77
 0.77333333 0.775      0.77333333 0.77333333 0.775      0.77333333
 0.775      0.775      0.775      0.775      0.775      0.775
 0.775      0.775      0.775      0.775      0.775      0.77666667
 0.77666667 0.77666667 0.77666667 0.77666667 0.77666667 0.77833333
 0.77833333 0.77833333 0.77666667 0.77666667 0.77666667 0.775
 0.775      0.77666667 0.77333333 0.775      0.775      0.775
 0.77666667 0.77666667 0.77666667 0.77833333 0.78       0.78
 0.77666667 0.77833333 0.77833333 0.77833333 0.77833333 0.78
 0.77833333 0.77666667 0.77666667 0.77666667 0.77666667 0.77666667
 0.77666667 0.77666667 0.77833333 0.77833333 0.77666667 0.77833333
 0.77833333 0.77833333 0.77833333 0.77666667 0.77666667 0.775
 0.775      0.77666667 0.775      0.77666667 0.775      0.775
 0.77166667 0.77333333 0.77333333 0.77333333 0.77333333 0.77333333
 0.77166667 0.77166667 0.77166667 0.77166667 0.77333333 0.77166667
 0.77333333 0.77333333 0.77333333 0.77333333 0.77166667 0.77166667
 0.77       0.77166667 0.77333333 0.77333333 0.775      0.775
 0.775      0.77333333 0.77333333 0.77333333 0.77333333 0.77166667
 0.77166667 0.77166667 0.77333333 0.77166667 0.77       0.77
 0.77       0.77       0.77       0.77       0.77       0.77
 0.77       0.77       0.76833333 0.76833333 0.76833333 0.76666667
 0.76666667 0.76666667 0.76833333 0.76833333 0.77166667 0.77166667
 0.77166667 0.77166667 0.77166667 0.77166667 0.77166667 0.77333333
 0.77166667 0.77       0.77       0.77166667 0.77166667 0.77166667
 0.77       0.76833333 0.77166667 0.77166667 0.77       0.77
 0.77166667 0.77333333 0.77166667 0.77333333 0.77166667 0.77166667
 0.77333333 0.77333333 0.77333333 0.775      0.77333333 0.77333333
 0.77333333 0.77166667 0.775      0.775      0.775      0.775
 0.775      0.775      0.77666667 0.77666667 0.77833333 0.77666667
 0.77666667 0.77833333 0.77833333 0.77666667 0.775      0.77333333
 0.775      0.775      0.775      0.77333333 0.775      0.77333333
 0.77333333 0.77333333 0.77333333 0.77333333 0.77333333 0.77333333
 0.77333333 0.77333333 0.77166667 0.77       0.77       0.77333333
 0.77333333 0.77666667 0.77833333 0.77833333 0.78       0.775
 0.77666667 0.775      0.77666667 0.77666667 0.77666667 0.77833333
 0.77666667 0.775      0.77333333 0.77333333 0.77333333 0.77333333
 0.77333333 0.77333333 0.77333333 0.77333333 0.77333333 0.775
 0.775      0.775      0.775      0.77166667 0.77166667 0.77166667
 0.77166667 0.77166667 0.77166667 0.77333333 0.77333333 0.775
 0.77333333 0.77333333 0.77333333 0.77333333 0.775      0.77333333
 0.77333333 0.77333333 0.77166667 0.77333333 0.77166667 0.77333333
 0.77333333 0.77666667 0.77666667 0.775      0.775      0.77333333
 0.77333333 0.77333333 0.77333333 0.77333333 0.77333333 0.77
 0.77166667 0.77166667 0.77166667 0.77       0.76833333 0.77
 0.77       0.76833333 0.76833333 0.77       0.77166667 0.77
 0.77166667 0.77166667 0.77333333 0.775      0.775      0.775
 0.77333333 0.77666667 0.77666667 0.77666667 0.77666667 0.77666667
 0.77666667 0.77666667 0.77666667 0.77666667 0.77833333 0.77666667
 0.77666667 0.77666667 0.77666667 0.77666667 0.775      0.77666667
 0.77666667 0.77666667 0.77666667 0.77666667 0.77833333 0.77833333
 0.78       0.78       0.78       0.77833333 0.77833333 0.77833333
 0.77833333 0.77833333 0.78       0.77833333 0.77833333 0.77833333
 0.77833333 0.77833333 0.77833333 0.77833333 0.77833333 0.78
 0.77666667 0.77833333 0.78       0.78       0.78       0.78
 0.78166667 0.78166667 0.78166667 0.78166667 0.78166667 0.78166667
 0.78166667 0.78166667 0.78166667 0.78166667 0.78166667 0.78166667
 0.78166667 0.78166667 0.78       0.77833333 0.78       0.77833333
 0.77833333 0.77833333 0.77833333 0.77833333 0.77833333 0.77666667
 0.77666667 0.77666667 0.77333333 0.77166667 0.77166667 0.77
 0.77       0.76666667 0.76833333 0.76833333 0.76833333 0.77
 0.77       0.77       0.77       0.77166667 0.77       0.76833333
 0.77       0.77       0.77       0.77       0.77       0.77
 0.77       0.77166667 0.77333333 0.77333333 0.77166667 0.77166667
 0.77166667 0.77166667 0.77333333 0.775      0.775      0.77666667
 0.77666667 0.77666667 0.77666667 0.775      0.775      0.77333333
 0.77333333 0.77333333 0.77333333 0.77333333 0.77166667 0.77333333
 0.77333333 0.77333333 0.775      0.775      0.77333333 0.775
 0.775      0.77833333 0.77833333 0.77666667 0.775      0.77333333
 0.775      0.775      0.775      0.77333333 0.77333333 0.77333333
 0.77333333 0.77333333 0.77333333 0.775      0.775      0.77666667
 0.78166667 0.78166667 0.78333333 0.78166667 0.78       0.78
 0.78       0.78       0.78       0.78333333 0.78333333 0.78333333
 0.785      0.785      0.78333333 0.78       0.78       0.78
 0.78       0.78       0.77833333 0.78       0.78       0.78
 0.78       0.77833333 0.77833333 0.78166667 0.78166667 0.78166667
 0.78166667 0.78166667 0.78166667 0.78166667 0.78166667 0.78166667
 0.78166667 0.78166667 0.78166667 0.78       0.78       0.78
 0.78       0.78       0.78       0.78       0.78166667 0.78333333
 0.78333333 0.78333333 0.78333333 0.78333333 0.78333333 0.78333333
 0.78333333 0.78333333 0.78333333 0.78333333 0.78333333 0.78333333
 0.78333333 0.78333333 0.78333333 0.78333333 0.78333333 0.78333333
 0.78333333 0.78333333 0.78333333 0.785      0.785      0.785
 0.785      0.785      0.785      0.78333333 0.785      0.785
 0.785      0.78333333 0.78166667 0.78166667 0.78166667 0.78166667
 0.78166667 0.78166667 0.78166667 0.78       0.78       0.78
 0.78       0.77833333 0.77833333 0.77666667 0.77666667 0.77666667
 0.77666667 0.77666667 0.77666667 0.77666667 0.775      0.775
 0.77666667 0.77666667 0.77666667 0.77666667 0.77666667 0.77833333
 0.77666667 0.77666667 0.77666667 0.77666667 0.77666667 0.77666667
 0.77666667 0.77666667 0.77833333 0.77666667 0.775      0.77666667
 0.77666667 0.77666667 0.77666667 0.77666667 0.77666667 0.77666667
 0.77666667 0.77666667 0.77833333 0.77833333 0.77833333 0.77833333
 0.77833333 0.77833333 0.77833333 0.77833333 0.77833333 0.77833333
 0.77833333 0.77833333 0.78       0.78       0.78       0.78166667
 0.78166667 0.78       0.78       0.78       0.78166667 0.78
 0.78       0.77833333 0.77833333 0.78       0.78       0.78
 0.78       0.78       0.78       0.78       0.77833333 0.77833333
 0.77833333 0.77833333 0.77833333 0.77833333 0.78       0.78
 0.78166667 0.78       0.77833333 0.77833333 0.77833333 0.77833333
 0.78       0.78       0.78166667 0.78       0.785      0.785
 0.785      0.785      0.785      0.78666667 0.78666667 0.78666667
 0.78666667 0.785      0.785      0.785      0.785      0.785
 0.785      0.785      0.785      0.78333333 0.78333333 0.78166667
 0.78       0.77833333 0.77666667 0.77666667 0.77666667 0.77666667
 0.77833333 0.78       0.78       0.78       0.78       0.78
 0.78       0.78       0.78       0.78166667 0.78       0.77833333
 0.77666667 0.775      0.775      0.775      0.77333333 0.77333333
 0.775      0.77666667 0.775      0.77833333 0.77833333 0.77833333
 0.77833333 0.77833333 0.78       0.78       0.78166667 0.78166667
 0.78166667 0.78       0.78       0.78       0.78       0.78
 0.78       0.78166667 0.78166667 0.78166667 0.78166667 0.78166667
 0.78       0.78       0.77833333 0.77833333 0.77833333 0.77833333
 0.77833333 0.77833333 0.77833333 0.78       0.77833333 0.77666667
 0.77333333 0.77333333 0.775      0.775      0.77333333 0.77333333
 0.77333333 0.77333333 0.77333333 0.77333333 0.77666667 0.775
 0.775      0.775      0.775      0.775      0.775      0.77666667
 0.77666667 0.77666667 0.77666667 0.77666667 0.77666667 0.77666667
 0.77666667 0.77666667 0.77833333 0.77833333 0.77666667 0.77666667
 0.77666667 0.77833333 0.77666667 0.77666667 0.775      0.775
 0.775      0.77333333 0.775      0.775      0.77333333 0.77333333
 0.77333333 0.77333333 0.77333333 0.77333333 0.77333333 0.77333333
 0.77333333 0.77333333 0.77333333 0.77333333 0.77333333 0.77333333
 0.77333333 0.77333333 0.775      0.775      0.775      0.77333333
 0.77333333 0.77166667 0.77166667 0.77166667 0.77166667 0.77
 0.77       0.77       0.77       0.77       0.77333333 0.775
 0.77333333 0.77333333 0.77333333 0.77333333 0.77333333 0.77333333
 0.77333333 0.77333333 0.775      0.775      0.77333333 0.77333333
 0.77333333 0.77333333 0.77333333 0.77333333 0.77333333 0.77333333
 0.77       0.77       0.77166667 0.77166667 0.77166667 0.77166667
 0.77166667 0.77166667 0.77166667 0.77166667 0.77166667 0.76833333
 0.76833333 0.76833333 0.76666667 0.76666667 0.76666667 0.76833333
 0.76833333 0.76833333 0.76833333 0.76833333 0.76833333 0.76666667
 0.76833333 0.76833333 0.76833333 0.76833333 0.76833333 0.76833333
 0.76833333 0.76833333 0.76666667 0.76666667 0.76833333 0.76833333
 0.76833333 0.76833333 0.76833333 0.76833333 0.77       0.77
 0.77       0.77       0.77       0.76833333 0.76833333 0.76833333
 0.76833333 0.76833333 0.76833333 0.76833333 0.76833333 0.76833333
 0.76666667 0.76666667 0.76666667 0.76666667 0.76666667 0.76833333
 0.76833333 0.76666667 0.76666667 0.76666667 0.76666667 0.76666667
 0.76666667 0.76666667 0.76666667 0.76666667 0.76666667 0.76666667
 0.76666667 0.76666667 0.765      0.76333333 0.76333333 0.76333333
 0.765      0.765      0.765      0.765      0.765      0.765
 0.765      0.765      0.765      0.765      0.76333333 0.76333333
 0.76333333 0.76166667 0.76166667 0.76166667 0.76166667 0.76166667
 0.76166667 0.76333333 0.76333333 0.765      0.765      0.765
 0.765      0.76666667 0.76666667 0.76333333 0.76333333 0.76333333
 0.76333333 0.76333333 0.76333333 0.76333333 0.76333333 0.76333333]
18:50:04
[0.62166667 0.60166667 0.62833333 0.63       0.63166667 0.64
 0.66       0.65166667 0.66666667 0.68       0.68       0.66833333
 0.67833333 0.69333333 0.70166667 0.705      0.71166667 0.72166667
 0.69666667 0.71333333 0.72666667 0.715      0.71666667 0.71833333
 0.71333333 0.72666667 0.735      0.74666667 0.755      0.765
 0.74666667 0.75       0.76166667 0.76333333 0.76333333 0.76833333
 0.77166667 0.77833333 0.775      0.77666667 0.785      0.775
 0.77333333 0.775      0.775      0.77333333 0.77666667 0.77
 0.76833333 0.78333333 0.78166667 0.785      0.77166667 0.77666667
 0.77833333 0.78166667 0.78166667 0.78833333 0.785      0.78666667
 0.78166667 0.77       0.77       0.77166667 0.76666667 0.77333333
 0.77666667 0.78       0.78       0.78333333 0.775      0.77666667
 0.77833333 0.77666667 0.77166667 0.775      0.76833333 0.77666667
 0.775      0.775      0.77166667 0.77833333 0.77833333 0.77
 0.77333333 0.77166667 0.77333333 0.77833333 0.77833333 0.78166667
 0.78333333 0.77666667 0.78166667 0.77666667 0.77666667 0.775
 0.77       0.77666667 0.77333333 0.77166667 0.76833333 0.77
 0.76833333 0.76833333 0.765      0.76666667 0.76166667 0.76333333
 0.76333333]
1:13:58
[0.60333333 0.67       0.70333333 0.695      0.71       0.715
 0.75666667 0.755      0.75       0.78       0.78       0.76666667
 0.78166667 0.76833333 0.77333333 0.78333333 0.78       0.77833333
 0.785      0.77833333 0.78       0.77166667 0.77833333 0.78166667
 0.77       0.77       0.76333333 0.76166667]
0:18:46
