[0.57333333 0.57333333 0.57166667 ... 0.75       0.75       0.75      ]
18:53:46
[0.58       0.585      0.585      0.60333333 0.60833333 0.62833333
 0.63833333 0.655      0.65       0.65333333 0.65833333 0.655
 0.66833333 0.69       0.66333333 0.68       0.69833333 0.66666667
 0.67833333 0.71333333 0.67666667 0.71833333 0.69333333 0.72166667
 0.7        0.72166667 0.73       0.73666667 0.74166667 0.75166667
 0.725      0.745      0.745      0.75       0.77       0.77833333
 0.74833333 0.74833333 0.74833333 0.755      0.75333333 0.75333333
 0.75666667 0.76166667 0.75833333 0.745      0.755      0.75333333
 0.75166667 0.75166667 0.74666667 0.74666667 0.745      0.73666667
 0.74166667 0.74166667 0.75       0.75       0.75166667 0.75166667
 0.75       0.75166667 0.755      0.75166667 0.755      0.75666667
 0.75666667 0.75833333 0.76       0.75666667 0.75666667 0.75333333
 0.75333333 0.755      0.75166667 0.75333333 0.75666667 0.76
 0.76166667 0.75666667 0.75666667 0.75833333 0.75833333 0.75666667
 0.74833333 0.75833333 0.75666667 0.755      0.755      0.755
 0.75666667 0.755      0.755      0.755      0.75       0.75666667
 0.75666667 0.75333333 0.75166667 0.75166667 0.75       0.75166667
 0.74666667 0.74833333 0.74666667 0.74833333 0.75       0.74833333
 0.74833333]
1:11:35
[0.635      0.645      0.67166667 0.69666667 0.72       0.71666667
 0.72       0.73333333 0.73666667 0.75166667 0.73333333 0.74833333
 0.74666667 0.74833333 0.75166667 0.74666667 0.75833333 0.74833333
 0.76       0.75166667 0.75833333 0.75333333 0.75333333 0.755
 0.74833333 0.74833333 0.74833333 0.74666667]
0:18:41
