[Result] for CNN
[0.79903278 0.80440623 0.80763031 0.81837722 0.82321333 0.82912413
 0.83503493 0.82912413 0.82912413 0.83181085 0.82751209 0.83019882
 0.83396024 0.84040838 0.82804944 0.84148307 0.84202042 0.838259
 0.84685653 0.84846857 0.84846857 0.84900591 0.85706609 0.85975282
 0.85975282 0.85276733 0.85276733 0.85330467 0.8619022  0.85491671
 0.85276733 0.85921548 0.8619022  0.86136486 0.86136486 0.8559914
 0.85867813 0.85760344 0.86029017 0.86458893 0.86405159 0.86351424
 0.867813   0.86566362 0.86405159 0.86888769 0.8619022  0.867813
 0.8737238  0.86996239 0.87157442 0.8737238  0.8737238  0.86512628
 0.86673831 0.867813   0.86512628 0.86620097 0.86727566 0.86351424
 0.86351424 0.86566362 0.86727566 0.87049973 0.87049973 0.87264911
 0.86888769 0.87264911 0.8737238  0.8747985  0.8747985  0.867813
 0.8747985  0.8747985  0.87694788 0.87587319 0.87533584 0.87533584
 0.87533584 0.87533584 0.87533584 0.87587319 0.87587319 0.87587319]
1:22:39
[Result] for RNN
[0.71574422 0.71574422 0.72595379 0.73562601 0.73562601 0.75819452
 0.77109081 0.7426115  0.75711983 0.75711983 0.74744761 0.75819452
 0.75819452 0.77431488 0.76947877 0.7662547  0.79312198 0.76571736
 0.7909726  0.79580871 0.77109081 0.74583557 0.7721655  0.77162816
 0.78613649 0.76894143 0.78291241 0.80225685 0.80386889 0.77753896
 0.8027942  0.80333154 0.80333154 0.79957012 0.80548092 0.80548092
 0.7968834  0.79150994 0.79795809 0.80118216 0.79204729 0.79473401
 0.79473401 0.79903278 0.80225685 0.80064481 0.80064481 0.79903278
 0.79312198 0.7909726  0.79312198 0.79527136 0.79527136 0.79849543
 0.79043525 0.79043525 0.78022569 0.78882321 0.78452445 0.79150994
 0.78076303 0.78237507 0.78667383 0.78667383 0.79580871 0.7839871
 0.7839871  0.79580871 0.79365932 0.79258463 0.78828587 0.79365932
 0.79473401 0.79365932 0.7968834  0.7968834  0.79903278 0.79580871
 0.79795809 0.79795809 0.80010747 0.79849543 0.7898979  0.7898979 ]
21:14:25
[Result] for Random
[0.70338528 0.7071467  0.70983342 0.71466953 0.72380441 0.72864052
 0.73132724 0.7367007  0.73885008 0.73885008 0.74046212 0.74637292
 0.74476088 0.74798495 0.74583557 0.75335841 0.75013434 0.75174637
 0.75282106 0.75335841 0.75174637 0.74905965 0.75550779 0.75604514
 0.75389575 0.75335841 0.75765717 0.75658248 0.75873186 0.76464267
 0.76464267 0.76249328 0.76356797 0.76732939 0.76947877 0.77162816
 0.77431488 0.77646427 0.7780763  0.7780763  0.77646427 0.7780763
 0.77753896 0.77700161 0.77431488 0.7780763  0.77646427 0.77968834
 0.78022569 0.77915099 0.78237507 0.78291241 0.78183772 0.78291241
 0.78613649 0.78667383 0.78506179 0.78721118 0.78828587 0.78667383
 0.7909726  0.7909726  0.79150994 0.79258463 0.78936056 0.7909726
 0.79312198 0.79365932 0.79312198 0.7898979  0.79204729 0.79365932
 0.79365932 0.7958087  0.79849543 0.7958087  0.79903278 0.80064481
 0.79903278 0.79903278 0.80010747 0.80064481 0.80225685 0.80333154]
0:56:51
[Result] for Traditional AL
[0.71252015 0.72971521 0.72541644 0.73132724 0.73186459 0.73508866
 0.73455132 0.75067168 0.75604514 0.75819452 0.75282106 0.76195594
 0.75980656 0.77431488 0.76786674 0.76679205 0.77377754 0.77377754
 0.78130038 0.77861365 0.78183772 0.78130038 0.78452445 0.7898979
 0.78828587 0.78559914 0.79419667 0.79043525 0.78667383 0.79258463
 0.79150994 0.78936056 0.79312198 0.79849543 0.79849543 0.79634605
 0.79312198 0.80386889 0.79903278 0.80440623 0.80333154 0.79903278
 0.8027942  0.80064481 0.80225685 0.80171951 0.79903278 0.8027942
 0.8027942  0.808705   0.80225685 0.8027942  0.80064481 0.80440623
 0.80763031 0.80333154 0.80440623 0.80333154 0.80494358 0.80333154
 0.8027942  0.80333154 0.80655562 0.80386889 0.8027942  0.8027942
 0.80333154 0.8027942  0.80548092 0.80440623 0.80548092 0.80601827
 0.80601827 0.80440623 0.80440623 0.80601827 0.80494358 0.80494358
 0.80816765 0.80601827 0.80924234 0.80709296 0.80655562 0.80655562]
2:09:02