[Result] for CNN
[0.78559914 0.79903278 0.80601827 0.80816765 0.82697474 0.82804944
 0.82321333 0.82536271 0.82966147 0.82751209 0.83449758 0.83181085
 0.83127351 0.83019882 0.8323482  0.84363246 0.84309511 0.84793122
 0.838259   0.84363246 0.86243955 0.85814078 0.85437937 0.84202042
 0.84148307 0.84793122 0.84793122 0.85276733 0.85169264 0.85222998
 0.85921548 0.85867813 0.85706609 0.85545406 0.85652875 0.85491671
 0.8559914  0.85437937 0.85545406 0.84793122 0.86136486 0.85867813
 0.85975282 0.85975282 0.8619022  0.8619022  0.85867813 0.85222998
 0.85706609 0.8559914  0.86727566 0.86351424 0.86297689 0.8619022
 0.86243955 0.867813   0.867813   0.86673831 0.86082751 0.86996239
 0.86888769 0.86888769 0.86405159 0.86351424 0.85491671 0.86835035
 0.87211177 0.867813   0.86996239 0.86942504 0.86942504 0.86996239
 0.86996239 0.87318646 0.8747985  0.8747985  0.8747985  0.8737238
 0.8737238  0.87533584 0.87533584 0.87533584 0.87211177 0.87211177]
2:09:31
[Result] for RNN
[0.68672757 0.68350349 0.69693713 0.72058033 0.74959699 0.72219237
 0.74046212 0.79043525 0.7189683  0.7189683  0.7485223  0.71843095
 0.74314884 0.76840408 0.74314884 0.76249328 0.7662547  0.77270285
 0.73347663 0.75174637 0.76518001 0.76518001 0.77646427 0.77646427
 0.6824288  0.7071467  0.72649113 0.75926921 0.75658248 0.75658248
 0.69532509 0.72219237 0.7367007  0.74529823 0.74529823 0.75282106
 0.76195594 0.77270285 0.77968834 0.76356797 0.77646427 0.77324019
 0.77861365 0.77592692 0.78613649 0.76356797 0.7603439  0.7603439
 0.7603439  0.75765717 0.76356797 0.75658248 0.76249328 0.75765717
 0.75765717 0.75765717 0.75389576 0.75658248 0.75873186 0.75819452
 0.75389576 0.77055347 0.77055347 0.77001612 0.77001612 0.77109081
 0.7721655  0.7780763  0.7780763  0.7780763  0.77753896 0.76571736
 0.76786674 0.77485223 0.77485223 0.77646427 0.77646427 0.77861365
 0.77915099 0.77915099 0.77592692 0.77109081 0.76840408 0.76840408]
1 day, 1:32:20
[Result] for Random
[0.71950564 0.72541644 0.73240193 0.73455132 0.73401397 0.73347663
 0.73616335 0.73992477 0.73938743 0.74744761 0.7485223  0.75335841
 0.75228372 0.75604514 0.75228372 0.75765717 0.75819452 0.75819452
 0.75819452 0.76410532 0.76410532 0.76303063 0.76356797 0.7662547
 0.76786674 0.76894143 0.77162816 0.76840408 0.77270285 0.7721655
 0.77592692 0.77324019 0.7780763  0.77915099 0.77431488 0.77592692
 0.77162816 0.77324019 0.77538958 0.77753896 0.77270285 0.77485223
 0.77861365 0.78183772 0.77968834 0.7839871  0.78613649 0.78344976
 0.77968834 0.77646427 0.78183772 0.78452445 0.78559914 0.78613649
 0.79204729 0.79258463 0.79150994 0.79204729 0.79204729 0.79150994
 0.7968834  0.79473401 0.79527136 0.79957012 0.79473401 0.7958087
 0.80010747 0.80064481 0.79903278 0.80010747 0.80064481 0.80010747
 0.80225685 0.80010747 0.80064481 0.79634605 0.7968834  0.80064481
 0.79957012 0.80171951 0.80386889 0.80225685 0.8027942  0.80333154]
0:58:11
[Result] for Traditional AL
[0.7189683  0.72380441 0.72971521 0.7307899  0.73186459 0.73938743
 0.73777539 0.74422354 0.75228372 0.74744761 0.75174637 0.75389575
 0.75711983 0.7603439  0.7662547  0.76732939 0.76356797 0.77162816
 0.77485223 0.78828587 0.78774852 0.78667383 0.78130038 0.7839871
 0.78667383 0.78828587 0.79365932 0.79043525 0.79312198 0.79419667
 0.79527136 0.79258463 0.79419667 0.79527136 0.79849543 0.79849543
 0.79150994 0.79312198 0.80225685 0.7909726  0.79795809 0.80118216
 0.7968834  0.79849543 0.80494358 0.80601827 0.79795809 0.80333154
 0.80225685 0.80118216 0.80440623 0.80763031 0.80601827 0.80816765
 0.80440623 0.80494358 0.80548092 0.80709296 0.80440623 0.80440623
 0.80655562 0.80709296 0.80816765 0.80440623 0.80655562 0.80548092
 0.80709296 0.80816765 0.80763031 0.80816765 0.81085438 0.81031703
 0.81031703 0.808705   0.808705   0.808705   0.80924234 0.80924234
 0.81031703 0.81031703 0.81031703 0.81139172 0.80924234 0.80924234]
1:58:33