[Result] for CNN
[0.9849925  0.98749375 0.987994   0.989995   0.989995   0.989995
 0.9909955  0.98949475 0.98949475 0.989995   0.99149575 0.99149575
 0.99149575 0.99149575 0.99149575 0.99149575 0.99149575 0.99149575
 0.99149575 0.99149575 0.99149575 0.99149575 0.99149575 0.99149575
 0.99149575 0.99149575 0.99149575 0.99149575 0.99149575 0.99149575
 0.99149575 0.99149575 0.99149575 0.99149575 0.99149575 0.99149575
 0.99149575 0.99149575 0.99149575 0.99149575 0.99149575 0.99149575
 0.99149575 0.99149575 0.99149575 0.99149575 0.99149575 0.99149575
 0.99149575 0.99149575 0.99149575 0.99149575 0.99149575 0.99149575
 0.99149575 0.99149575 0.99149575 0.99149575 0.99149575 0.99149575
 0.99149575 0.99149575 0.99149575 0.99149575 0.99149575 0.99149575
 0.99149575 0.99149575 0.99149575 0.99149575 0.99149575 0.99149575
 0.99149575 0.99149575 0.99149575 0.99149575 0.99149575 0.99149575
 0.99149575 0.99149575 0.99149575 0.99149575 0.99149575 0.99149575
 0.99149575 0.99149575 0.99149575 0.99149575 0.99149575 0.99149575
 0.99149575]
1:25:47
[Result] for RNN
[0.96048024 0.96998499 0.96948474 0.97098549 0.97598799 0.981991
 0.9829915  0.98249125 0.98549275 0.9849925  0.9849925  0.983992
 0.9829915  0.9829915  0.98249125 0.98249125 0.981991   0.981991
 0.9829915  0.9829915  0.9829915  0.98349175 0.98349175 0.98449225
 0.98449225 0.98449225 0.98449225 0.98449225 0.98449225 0.983992
 0.9849925  0.9869935  0.9869935  0.9869935  0.9869935  0.98749375
 0.98749375 0.98749375 0.987994   0.987994   0.987994   0.987994
 0.98749375 0.98749375 0.98749375 0.98749375 0.98749375 0.98749375
 0.98749375 0.98749375 0.98749375 0.98749375 0.98749375 0.98749375
 0.98749375 0.98749375 0.98749375 0.98749375 0.98749375 0.98749375
 0.98749375 0.98749375 0.98849425 0.98849425 0.98849425 0.98849425
 0.98849425 0.98849425 0.98849425 0.98849425 0.98849425 0.98749375
 0.98749375 0.98749375 0.98749375 0.98749375 0.9869935  0.9869935
 0.9869935  0.9869935  0.9869935  0.9869935  0.9869935  0.9869935
 0.9869935  0.9869935  0.9869935  0.9869935  0.9869935  0.9869935
 0.9869935 ]
1 day, 0:43:50
[Result] for Random
[0.90745373 0.89944972 0.90395198 0.90695348 0.90695348 0.90895448
 0.90795398 0.90895448 0.90895448 0.91245623 0.91745873 0.91545773
 0.91545773 0.92296148 0.92496248 0.92696348 0.92946473 0.92946473
 0.92896448 0.93096548 0.93196598 0.92946473 0.93046523 0.93346673
 0.93446723 0.93696848 0.93896948 0.93996998 0.93946973 0.94097049
 0.94097049 0.94147074 0.94247124 0.94347174 0.94397199 0.94397199
 0.94297149 0.94297149 0.94447224 0.94497249 0.94597299 0.94597299
 0.94697349 0.94747374 0.94697349 0.94697349 0.94747374 0.94847424
 0.94747374 0.94797399 0.95097549 0.95247624 0.95197599 0.95197599
 0.95247624 0.95197599 0.95297649 0.95297649 0.95297649 0.95347674
 0.95397699 0.95397699 0.95447724 0.95497749 0.95597799 0.95547774
 0.95647824 0.95647824 0.95647824 0.95647824 0.95647824 0.95747874
 0.95797899 0.95897949 0.95947974 0.95897949 0.95947974 0.95997999
 0.95997999 0.95997999 0.95947974 0.96048024 0.96048024 0.96048024
 0.96048024 0.95997999 0.96048024 0.96048024 0.96048024 0.96048024
 0.96148074]
0:38:21
[Result] for Traditional AL
[0.91645823 0.93146573 0.94497249 0.90695348 0.95047524 0.92496248
 0.95197599 0.95997999 0.93046523 0.96148074 0.96698349 0.96448224
 0.96298149 0.96198099 0.96248124 0.96398199 0.96248124 0.96598299
 0.96248124 0.96348174 0.96198099 0.96298149 0.96598299 0.96698349
 0.96698349 0.96398199 0.96548274 0.96548274 0.96498249 0.96548274
 0.96548274 0.96498249 0.96448224 0.96448224 0.96448224 0.96448224
 0.96398199 0.96548274 0.96498249 0.96498249 0.96448224 0.96498249
 0.96448224 0.96498249 0.96498249 0.96498249 0.96498249 0.96498249
 0.96498249 0.96498249 0.96548274 0.96548274 0.96548274 0.96548274
 0.96548274 0.96548274 0.96548274 0.96548274 0.96548274 0.96548274
 0.96548274 0.96548274 0.96548274 0.96548274 0.96548274 0.96548274
 0.96548274 0.96548274 0.96548274 0.96548274 0.96548274 0.96548274
 0.96548274 0.96548274 0.96548274 0.96548274 0.96548274 0.96548274
 0.96548274 0.96548274 0.96548274 0.96548274 0.96548274 0.96548274
 0.96548274 0.96548274 0.96548274 0.96548274 0.96548274 0.96548274
 0.96548274]
1:33:43