[Result] for Uncertainty Sampling
[0.91845923 0.92796398 0.93346673 0.94047024 0.94247124 0.93846923
 0.94647324 0.95797899 0.92046023 0.95947974 0.96298149 0.96248124
 0.96248124 0.96198099 0.96398199 0.96298149 0.96298149 0.96348174
 0.96448224 0.96498249 0.96698349 0.96748374 0.96748374 0.96798399
 0.96948474 0.96898449 0.96948474 0.96998499 0.97048524 0.97048524
 0.97098549 0.97148574 0.96998499 0.97098549 0.97148574 0.97098549
 0.97148574 0.97148574 0.97098549 0.97098549 0.97098549 0.97148574
 0.97098549 0.97148574 0.97148574 0.97148574 0.97148574 0.97148574
 0.97148574 0.97098549 0.97098549 0.97098549 0.97098549 0.97048524
 0.97048524 0.97048524 0.97048524 0.97048524 0.97048524 0.97048524
 0.97048524 0.97048524 0.97048524 0.97048524 0.97048524 0.97048524
 0.97048524 0.97048524 0.97048524 0.97048524 0.97048524 0.97048524
 0.97048524 0.97048524 0.97048524 0.97048524 0.97048524 0.97048524
 0.97048524 0.97048524 0.97048524 0.97048524 0.97048524 0.97048524
 0.97048524 0.97048524 0.97048524 0.97048524 0.97048524 0.97048524
 0.97048524]
1:32:53
[Result] for Random
[0.90895448 0.90995498 0.91545773 0.91745873 0.91845923 0.92396198
 0.92446223 0.92546273 0.92646323 0.92746373 0.92846423 0.92896448
 0.92746373 0.92996498 0.93046523 0.93146573 0.93546773 0.93646823
 0.93896948 0.93946973 0.93996998 0.94097049 0.94147074 0.94047024
 0.94197099 0.94447224 0.94497249 0.94447224 0.94397199 0.94597299
 0.94647324 0.94597299 0.94647324 0.94497249 0.94647324 0.94547274
 0.94547274 0.94747374 0.94747374 0.94797399 0.94947474 0.95097549
 0.95097549 0.95197599 0.95097549 0.95197599 0.95147574 0.95347674
 0.95297649 0.95197599 0.95197599 0.95147574 0.95347674 0.95347674
 0.95347674 0.95347674 0.95347674 0.95497749 0.95497749 0.95597799
 0.95647824 0.95697849 0.95697849 0.95747874 0.95847924 0.96048024
 0.96148074 0.96198099 0.96148074 0.96298149 0.96298149 0.96298149
 0.96298149 0.96348174 0.96348174 0.96398199 0.96398199 0.96398199
 0.96398199 0.96398199 0.96548274 0.96498249 0.96548274 0.96598299
 0.96598299 0.96548274 0.96548274 0.96598299 0.96648324 0.96648324
 0.96648324]
0:36:19
[Result] for RNN
[0.95847924 0.97098549 0.97298649 0.97998999 0.98749375 0.985993
 0.98949475 0.99049525 0.9909955  0.99149575 0.99149575 0.989995
 0.989995   0.98849425 0.9889945  0.98849425 0.98849425 0.98849425
 0.9889945  0.9889945  0.9889945  0.9889945  0.9889945  0.98849425
 0.98849425 0.98849425 0.98849425 0.98849425 0.98849425 0.98849425
 0.98849425 0.98849425 0.98849425 0.98849425 0.98849425 0.98849425
 0.98849425 0.98849425 0.98849425 0.98849425 0.98849425 0.98849425
 0.9889945  0.9889945  0.99049525 0.98849425 0.98849425 0.98849425
 0.98849425 0.989995   0.989995   0.989995   0.989995   0.989995
 0.989995   0.989995   0.989995   0.99049525 0.99049525 0.99049525
 0.99049525 0.99049525 0.989995   0.989995   0.989995   0.989995
 0.989995   0.99049525 0.9909955  0.9909955  0.9909955  0.9909955
 0.987994   0.987994   0.98749375 0.98949475 0.98949475 0.98949475
 0.98949475 0.98949475 0.98949475 0.99049525 0.99049525 0.99049525
 0.9909955  0.9909955  0.989995   0.989995   0.989995   0.989995
 0.989995  ]