9:12:02
[Result] for Random
[0.6925 0.697  0.706  0.7105 0.711  0.7125 0.7225 0.722  0.728  0.7315
 0.7335 0.738  0.7405 0.742  0.744  0.7475 0.747  0.748  0.7505 0.7545
 0.7555 0.757  0.7575 0.757  0.76   0.7645 0.7635 0.7645 0.7665 0.766
 0.77   0.771  0.7725 0.7715 0.7755 0.776  0.7765 0.777  0.779  0.7795
 0.78   0.781  0.7795 0.7785 0.7805 0.7825 0.7835 0.7835 0.786  0.787
 0.784  0.786  0.786  0.786  0.787  0.787  0.79   0.7915 0.7935 0.7955
 0.797  0.7985 0.7995 0.7985 0.7985 0.799  0.8005 0.802  0.802  0.8045
 0.8045 0.8075 0.808  0.805  0.807  0.806  0.8075 0.808  0.8075 0.8055
 0.807  0.8065 0.808  0.8095 0.81   0.81   0.8115 0.813  0.8125 0.814
 0.814 ]
3:18:39
[Result] for RNN
[0.7005 0.716  0.7525 0.7565 0.7815 0.7965 0.8095 0.8165 0.821  0.845
 0.8455 0.854  0.8635 0.8635 0.871  0.8815 0.8775 0.8995 0.9045 0.895
 0.9085 0.9085 0.9165 0.9005 0.908  0.908  0.9185 0.9165 0.9255 0.9205
 0.9245 0.9295 0.929  0.929  0.928  0.928  0.9265 0.9205 0.92   0.92
 0.92   0.923  0.9225 0.9225 0.9225 0.9225 0.923  0.9275 0.928  0.928
 0.9285 0.928  0.928  0.929  0.927  0.927  0.9275 0.9275 0.9265 0.9265
 0.9255 0.9265 0.9265 0.9265 0.9265 0.926  0.926  0.926  0.926  0.9265
 0.9265 0.9255 0.925  0.9245 0.9245 0.924  0.9235 0.9235 0.9235 0.925
 0.925  0.9255 0.9255 0.926  0.926  0.9255 0.9255 0.9255 0.9255 0.9255
 21:25:30