[0.3195 0.301  0.271  0.2735 0.2595 0.244  0.258  0.2255 0.237  0.228
 0.219  0.204  0.2285 0.205  0.1965 0.2055 0.202  0.194  0.1915 0.179
 0.1795 0.1805 0.1735 0.1695 0.163  0.1675 0.18   0.1775 0.179  0.174
 0.1725 0.1805 0.179  0.1785 0.1745 0.173  0.1735 0.169  0.169  0.1675
 0.1685 0.166  0.1655 0.1635 0.165  0.165  0.164  0.166  0.1635 0.166
 0.1655 0.165  0.164  0.1635 0.163  0.1605 0.1625 0.162  0.162  0.163
 0.164  0.163  0.1655 0.169  0.1695 0.1735 0.1715 0.1715 0.1725 0.1725
 0.174  0.1755 0.176  0.1765 0.177  0.1775 0.1775 0.177  0.178  0.1775
 0.178  0.18   0.179  0.179  0.181  0.181  0.181  0.1805 0.1805 0.1805
 0.1805]
[Result] for Uncertainty Sampling
[0.3195 0.301  0.271  0.2735 0.2595 0.244  0.258  0.2255 0.237  0.228
 0.219  0.204  0.2285 0.205  0.1965 0.2055 0.202  0.194  0.1915 0.179
 0.1795 0.1805 0.1735 0.1695 0.163  0.1675 0.18   0.1775 0.179  0.174
 0.1725 0.1805 0.179  0.1785 0.1745 0.173  0.1735 0.169  0.169  0.1675
 0.1685 0.166  0.1655 0.1635 0.165  0.165  0.164  0.166  0.1635 0.166
 0.1655 0.165  0.164  0.1635 0.163  0.1605 0.1625 0.162  0.162  0.163
 0.164  0.163  0.1655 0.169  0.1695 0.1735 0.1715 0.1715 0.1725 0.1725
 0.174  0.1755 0.176  0.1765 0.177  0.1775 0.1775 0.177  0.178  0.1775
 0.178  0.18   0.179  0.179  0.181  0.181  0.181  0.1805 0.1805 0.1805
 0.1805]
9:09:39
[Result] for Random
[0.3305 0.3275 0.3195 0.3145 0.3085 0.3015 0.2965 0.2945 0.2905 0.2905
 0.2865 0.2885 0.284  0.2765 0.2715 0.269  0.267  0.267  0.263  0.2595
 0.2565 0.2495 0.2485 0.2435 0.2415 0.2425 0.24   0.236  0.2375 0.2145
 0.214  0.2165 0.2185 0.217  0.219  0.219  0.219  0.2145 0.2145 0.2135
 0.213  0.213  0.2075 0.208  0.206  0.206  0.203  0.204  0.206  0.2045
 0.203  0.203  0.202  0.201  0.2    0.202  0.2025 0.201  0.1995 0.2
 0.2005 0.2005 0.1995 0.2005 0.199  0.1975 0.1975 0.1975 0.197  0.1945
 0.192  0.1935 0.191  0.1895 0.188  0.1885 0.1895 0.1885 0.1875 0.188
 0.186  0.187  0.1855 0.184  0.1855 0.1855 0.1845 0.1855 0.184  0.1845
 0.1845]
3:10:52
[Result] for RNN
[0.2725 0.2495 0.2305 0.219  0.211  0.1875 0.171  0.1625 0.1625 0.1625
 0.155  0.132  0.1305 0.1285 0.1285 0.1285 0.1285 0.1285 0.1295 0.096
 0.096  0.096  0.097  0.0935 0.0935 0.0935 0.0875 0.0855 0.088  0.088
 0.085  0.085  0.085  0.0855 0.0855 0.0855 0.0855 0.0855 0.0855 0.0855
 0.0855 0.0855 0.0855 0.0855 0.0855 0.0855 0.0855 0.0855 0.0855 0.0855
 0.0855 0.0855 0.0855 0.0855 0.0855 0.0855 0.0855 0.0855 0.0855 0.0855
 0.0855 0.0855 0.0855 0.0855 0.0855 0.0855 0.0855 0.0855 0.0855 0.0855
 0.0855 0.0855 0.0855 0.0855 0.0855 0.0855 0.0855 0.0855 0.0855 0.0855
 0.0855 0.0855 0.0855 0.0855 0.0855 0.0855 0.0855 0.0855 0.0855 0.0855
 0.0855]
21:55:15